AntA,AntB,t,p,h,Total,E-W,N-S,U-D,NE-SW,NW-SE
1.0,2.0,0.3536957694717293,0.0528483333154667,1.820979606486054,44.77095314983065,40.573425,17.744095,6.586541,16.142774052945484,41.23671385398211
1.0,3.0,0.2669935817573901,0.0514519589901283,1.394261828403284,16.442849999533387,6.168325,15.241993,0.027059,15.139381045160398,6.416052173035379
1.0,4.0,0.2980594779981685,0.0512755723674445,1.5298481441834988,59.33204113595487,44.88942,38.668625,3.157296,59.08446024219068,4.39876632887137
1.0,7.0,0.2717645984843699,0.0907313953654238,3.2370776735849542,25.23898606185286,11.519689,22.456649,0.045809,7.733598581566022,24.024898999686176
1.0,8.0,0.1984605650182602,0.0915540505815215,0.9392341502215612,9.593203418249503,8.891803,3.600503,0.042064,3.7415141112923775,8.833394285257393
2.0,3.0,0.5004613276199936,0.0532324131287964,2.2817056008252488,48.11998142678095,34.4051,32.986088,6.6136,1.0033930077850817,47.652766027017485
2.0,4.0,0.3888446983916896,0.0538767488901612,1.6991846902179657,56.681412402201566,4.315995,56.41272,3.429245,42.9416861892452,36.837947525110735
2.0,7.0,0.3868513188209197,0.0982719682132255,2.710330341711466,66.13456290694778,52.093114,40.200744,6.63235,8.409175471379461,65.26161285366828
2.0,8.0,0.3522097926622822,0.1000673807097882,2.130667277287433,54.28019020894836,49.465228,21.344598,6.628605,19.884288164237866,50.0701081392395
3.0,4.0,0.4917323569806502,0.0502762288356465,1.953446234989181,45.36816455153559,38.721095,23.426631,3.184355,43.9450784899235,10.814819209013526
3.0,7.0,0.3204833044578474,0.0972796884728381,2.9410871211709635,19.102812294482245,17.688014,7.214655,0.018749,7.405783170701157,17.60884611954402
3.0,8.0,0.3325038580166065,0.0954072373764916,1.48057979902209,19.035019567011226,15.060128,11.64149,0.015004,18.880895156452777,2.417342112222017
4.0,7.0,0.3219099688570737,0.0629392293913611,2.8642039278723983,58.77989128293172,56.409109,16.211976,3.203104,51.35086166062466,28.423665328557547
4.0,8.0,0.3494462821242236,0.0751080975968534,1.8163222836708264,64.28397181562612,53.781223,35.068122,3.19936,62.82597435348307,13.23216061412876
7.0,8.0,0.252731635939026,0.0916788501898508,3.119469921499271,19.038383356454847,2.627886,18.856146,0.003745,11.4751126928584,15.191504714428785
1.0,2.0,0.2485563917205611,0.0568651337995902,1.3370285262350945,44.77095314983065,40.573425,17.744095,6.586541,16.142774052945484,41.23671385398211
1.0,3.0,0.1508687238643788,0.0511364732861352,1.0806866497826766,16.442849999533387,6.168325,15.241993,0.027059,15.139381045160398,6.416052173035379
1.0,4.0,0.2819435342125609,0.0500889795292778,1.3314905454137935,59.33204113595487,44.88942,38.668625,3.157296,59.08446024219068,4.39876632887137
1.0,5.0,0.2503912294507576,0.0585895918268306,1.1706394176495676,25.29351092400533,4.759929,24.84159,0.013306,20.931434818322423,14.199878670589424
1.0,7.0,0.2468280065676378,0.0522185611333156,1.217743237263467,25.23898606185286,11.519689,22.456649,0.045809,7.733598581566022,24.024898999686176
1.0,8.0,0.1998892766549915,0.0530308655071962,0.770000189153933,9.593203418249503,8.891803,3.600503,0.042064,3.7415141112923775,8.833394285257393
2.0,3.0,0.2431317683970978,0.0542345352654365,1.1981782082104229,48.11998142678095,34.4051,32.986088,6.6136,1.0033930077850817,47.652766027017485
2.0,4.0,0.2545035241270249,0.0544938382730606,1.2301038139509806,56.681412402201566,4.315995,56.41272,3.429245,42.9416861892452,36.837947525110735
2.0,5.0,0.2815512342310661,0.0965193319188983,1.2974592515054628,56.03307173675223,35.813496,42.585686,6.599847,4.788661472483726,55.43659323167831
2.0,7.0,0.2766114070157952,0.0601362334269879,1.4256951927912334,66.13456290694778,52.093114,40.200744,6.63235,8.409175471379461,65.26161285366828
2.0,8.0,0.2588709242250473,0.0946959232505908,1.40051720348702,54.28019020894836,49.465228,21.344598,6.628605,19.884288164237866,50.0701081392395
3.0,4.0,0.2506790172395338,0.052176666584387,1.1467380512179095,45.36816455153559,38.721095,23.426631,3.184355,43.9450784899235,10.814819209013526
3.0,5.0,0.2088265236735604,0.098273782097749,1.0072379870221198,9.702372441842977,1.408396,9.599597,0.013753,5.792053773162029,7.783826497554045
3.0,7.0,0.1926851335310527,0.0998577156926217,0.9598748234887372,19.102812294482245,17.688014,7.214655,0.018749,7.405783170701157,17.60884611954402
3.0,8.0,0.2263986055614421,0.0999474035149887,1.150799140837336,19.035019567011226,15.060128,11.64149,0.015004,18.880895156452777,2.417342112222017
4.0,5.0,0.2984639174440351,0.0978615686699413,1.2985396659554924,42.56307829796432,40.129491,13.827034,3.170602,38.15302471676148,18.598645706567577
4.0,7.0,0.2852617663747528,0.0523628119075283,1.518507454632776,58.77989128293172,56.409109,16.211976,3.203104,51.35086166062466,28.423665328557547
4.0,8.0,0.2942710789587304,0.0987247335363576,1.3284292796250454,64.28397181562612,53.781223,35.068122,3.19936,62.82597435348307,13.23216061412876
5.0,7.0,0.2143251013025783,0.1005644588078098,1.1845343631969332,16.45341809318939,16.279618,2.384942,0.032502,13.197836943863186,9.825019621989972
5.0,8.0,0.2581944981414898,0.101845691489359,1.4486647507839217,25.249840257833952,13.651732,21.241088,0.028758,24.672949636721587,5.366485092438811
7.0,8.0,0.2095595738564845,0.0965385927702858,1.1989252396888093,19.038383356454847,2.627886,18.856146,0.003745,11.4751126928584,15.191504714428785
1.0,3.0,0.5718364773689765,0.0986236294180002,2.889440852211183,119.27530672172897,45.216904,110.36683,1.092347,46.06795446840176,110.014313353724
1.0,4.0,0.6078121768493602,0.0601299552203045,2.187707904060214,130.4228441472024,65.594522,112.588429,5.596661,125.99437294393032,33.22971031414997
1.0,5.0,0.6089850330236859,0.0836198198712736,2.340760188860709,103.11877431171048,79.930908,64.703397,7.615903,102.27189785770337,10.76747628869275
1.0,7.0,0.590449525417592,0.0999979776836754,2.65310348465524,225.99159424469323,3.163171,225.965103,1.402585,157.54475697866403,162.0181563069693
1.0,8.0,0.6122434672180934,0.0674168068958351,2.9630990034632583,211.82195957614832,62.046536,202.530394,0.457641,187.0841413485185,99.337088639048
3.0,4.0,0.3310770093112267,0.05976736538463,1.6633044429312291,111.03535687190976,110.811426,2.221599,6.689009,79.92641847552855,76.78460303957405
3.0,5.0,0.4486764630711951,0.0860819609728196,2.1908554705286623,133.50265008528982,125.147812,45.663433,8.70825,56.203943389301614,120.78178964241674
3.0,7.0,0.6738605695449421,0.0992671246518739,2.6978543919513465,123.01046064231474,42.053733,115.598273,0.310238,111.47680251026227,52.0038429532453
3.0,8.0,0.7574469628847381,0.094377696145159,3.028921616105807,141.42125284834316,107.26344,92.163563,0.634706,141.01618617300997,10.677225421782785
4.0,5.0,0.2970428010834421,0.0544480221108756,1.2465818224266991,50.02584923253762,14.336386,47.885032,2.019242,23.722475086226943,43.9971866028427
4.0,7.0,0.661699553540564,0.0611043153034529,2.4467226561644333,132.7813240352405,68.757693,113.376674,6.999247,31.55038403473372,128.78844599281933
4.0,8.0,0.7455801798836514,0.081204013432,2.450000000000003,90.21529718082527,3.547986,89.941965,6.054302,61.08976840458818,66.10737832489804
5.0,7.0,0.6311358606917372,0.0640127139307651,2.692844391491203,181.63506520684496,83.094079,161.261706,9.018488,55.27285912096067,172.78563259566204
5.0,8.0,0.7329031226903777,0.0562949477493361,2.583071605560162,139.2167876967154,17.884372,137.826997,8.073544,84.81224349081512,110.10456492774074
7.0,8.0,0.3489716155559991,0.0714805766147606,6.112248420432165,69.29923837224392,65.209707,23.43471,0.944944,29.53938366274768,62.68106837502806
1.0,3.0,0.6750399363639601,0.0578245438363751,1.369486790300123,119.27530672172897,45.216904,110.36683,1.092347,46.06795446840176,110.014313353724
1.0,4.0,0.614912378768379,0.0581232079302367,1.33960568788131,130.4228441472024,65.594522,112.588429,5.596661,125.99437294393032,33.22971031414997
1.0,5.0,0.5397380874670739,0.0577214345298671,1.1988087048047844,103.11877431171048,79.930908,64.703397,7.615903,102.27189785770337,10.76747628869275
1.0,7.0,0.9007765048974544,0.0972849882879245,1.9381498850950725,225.99159424469323,3.163171,225.965103,1.402585,157.54475697866403,162.0181563069693
1.0,8.0,0.9093075496787236,0.1042848687637842,1.7551079930340776,211.82195957614832,62.046536,202.530394,0.457641,187.0841413485185,99.337088639048
3.0,4.0,0.4261124535039784,0.0558092836520813,0.9553323294553407,111.03535687190976,110.811426,2.221599,6.689009,79.92641847552855,76.78460303957405
3.0,5.0,0.6385478459168066,0.0591585762268778,1.1786944651197238,133.50265008528982,125.147812,45.663433,8.70825,56.203943389301614,120.78178964241674
3.0,7.0,0.8179058126650888,0.0901162504512171,1.3491209361752547,123.01046064231474,42.053733,115.598273,0.310238,111.47680251026227,52.0038429532453
3.0,8.0,0.7943250005887028,0.1088284728930375,1.458852286060936,141.42125284834316,107.26344,92.163563,0.634706,141.01618617300997,10.677225421782785
4.0,5.0,0.5235833019187812,0.0466517156392569,0.8451259277053473,50.02584923253762,14.336386,47.885032,2.019242,23.722475086226943,43.9971866028427
4.0,7.0,0.7082358812804022,0.0729930454054397,1.394964341991466,132.7813240352405,68.757693,113.376674,6.999247,31.55038403473372,128.78844599281933
4.0,8.0,0.7929560023187292,0.08682318821144,1.384006056492392,90.21529718082527,3.547986,89.941965,6.054302,61.08976840458818,66.10737832489804
5.0,7.0,0.9371160892846172,0.0768535178025899,1.6885847654666766,181.63506520684496,83.094079,161.261706,9.018488,55.27285912096067,172.78563259566204
5.0,8.0,1.073060408650208,0.0861719269659602,1.872438079779964,139.2167876967154,17.884372,137.826997,8.073544,84.81224349081512,110.10456492774074
7.0,8.0,0.5276718946903605,0.0919535117346868,4.237305153072825,69.29923837224392,65.209707,23.43471,0.944944,29.53938366274768,62.68106837502806
1.0,2.0,0.3167744514187305,0.4255374652253749,0.7970145398541666,16.442700565515295,6.168014,15.24196,0.025701,15.139137800427672,6.416248748720547
1.0,5.0,0.370044233000935,0.4196886645915469,0.7635217580631404,19.03369620589682,15.058209,11.641809,0.014703,18.87976378560288,2.4157596072457204
1.0,7.0,0.281609761090642,0.4247444870140384,0.8423013232125071,9.702172414736712,1.407575,9.599518,0.011677,5.792578446393669,7.783190101450978
1.0,8.0,0.5061835328841386,0.4126256442119143,1.0721366471210296,48.119363801361054,34.404428,32.986266,6.611714,1.0027919670210783,47.65241671626757
2.0,5.0,0.4004623870522477,0.0516334001094946,0.6064947911796794,9.591573741782002,8.890195,3.600151,0.040404,3.740625985175208,8.832008355966268
2.0,7.0,0.2645700849490477,0.0563192004177608,0.7051048250778006,25.29349729416201,4.760439,24.841478,0.014024,20.931716246821345,14.199438850171523
2.0,8.0,0.4061327353393644,0.0974660772274091,1.011593628417151,44.77006866188371,40.572442,17.744307,6.586013,16.14192906034197,41.23616867465381
5.0,7.0,0.4204574379432735,0.0536993191986425,2.289919369466248,25.249445087512026,13.650634,21.241327,0.02638,24.672342231996545,5.367430494205256
5.0,8.0,0.5392299605480682,0.0840434903741993,2.032526587901021,54.27750683815002,49.462637,21.344458,6.626417,19.882555045517176,50.068177030620085
7.0,8.0,0.499321232656571,0.0718998893909201,1.26937381571177,56.032215120764256,35.812003,42.585785,6.600037,4.789787186479377,55.43560752482533
1.0,2.0,0.1504643619297017,0.0536928033451431,0.8705384335983593,17.851082299823787,5.076167,17.113987,0.071532,8.512024152703047,15.69080836897379
1.0,4.0,0.6521655778001925,0.0492978673515835,2.0397682650874964,52.22480576007675,28.512619,43.669688,2.723829,51.0405987613892,10.7176662728124
1.0,5.0,0.229428878091954,0.0794225408934039,1.1093887336773438,45.368065922156354,38.721945,23.425074,3.184068,43.94457856542921,10.816521215035843
1.0,7.0,0.2521662910711279,0.0608453718096484,1.1826068037344193,16.442996262348963,6.167213,15.242603,0.025762,15.139026077556244,6.417269810912582
1.0,8.0,0.3966918997130145,0.0811216346441483,1.4489645847926451,48.11946394620424,34.404588,32.986241,6.611735,1.002922781775594,47.65251217568304
2.0,4.0,0.6002164065149806,0.051420884681022,2.080794717573782,42.90042455291095,33.588786,26.5557,2.652297,42.52857390157937,4.973142803268169
2.0,5.0,0.2333066543519317,0.0529319074222485,1.0188370052553628,44.359805164556455,43.798112,6.311087,3.112536,35.43255441272617,26.50732958400964
2.0,7.0,0.2920438394108774,0.0990575593436915,1.0327163630085765,32.375012855724044,1.091046,32.356591,0.04577,23.65105093736607,22.108078886993155
2.0,8.0,0.3444007992751134,0.0777539773977196,1.4570281780646122,64.12126882948604,39.480755,50.100228,6.540203,7.509101370927448,63.343320544656834
4.0,5.0,0.5413071701565608,0.063140083356302,1.4878433325256593,22.6778859868191,10.209326,20.244613,0.460239,7.096019488853205,21.534186780741464
4.0,7.0,0.7195467623633195,0.0556136447129347,2.3620148045043585,68.41511780267132,34.679832,58.912291,2.698067,66.17962483894544,17.134936083724988
4.0,8.0,0.614343315952213,0.0796296189986378,1.8641354557539456,76.98027285807048,5.891969,76.655928,3.887906,50.03767527250682,58.370177741388666
5.0,7.0,0.3625752745076909,0.0897390029664393,1.496422048571234,59.33127947929561,44.889158,38.667678,3.158306,59.08360535009224,4.399250697016481
5.0,8.0,0.3448671751672376,0.0963969047653563,1.2795345837917698,56.68002234083508,4.317357,56.411315,3.427667,42.941655783653616,36.8359909606472
7.0,8.0,0.3997233636143529,0.0728588640756129,1.6788635403476055,44.76921672550653,40.571801,17.743638,6.585973,16.14194885933184,41.23524236477046
1.0,2.0,0.1636004937968995,0.0545642493502214,0.8929819096855733,16.442791805305205,6.167936,15.24209,0.025696,15.139174569980293,6.416395826931034
1.0,3.0,0.4297233876440765,0.1011527246150763,1.713567803176398,33.62933704451727,1.873246,33.187051,5.103225,22.14220386025321,24.791373759114364
1.0,4.0,0.6781170083642412,0.0934100211635495,2.1893782737479697,52.22480576007675,28.512619,43.669688,2.723829,51.0405987613892,10.7176662728124
1.0,5.0,0.2962431934066251,0.0598309317475127,1.0192248789651517,43.31655813860495,42.849049,4.216279,4.74407,27.317493643020217,33.28021258756909
1.0,8.0,0.2803182337246745,0.1000000000000227,1.2308297056760975,48.11946394620424,34.404588,32.986241,6.611735,1.002922781775594,47.65251217568304
2.0,3.0,0.4026309964546581,0.107434925882103,1.2414816537299735,20.30919914433873,8.041182,17.944962,5.077529,7.003029997379706,18.374978639290116
2.0,4.0,0.7064461123382407,0.1028057475236323,2.4707020111443105,68.41504429649551,34.680555,58.911777,2.698133,66.17977262426271,17.134061392636657
2.0,5.0,0.2761341130825435,0.0505925899984163,1.2027773071492334,50.46282175921024,49.016985,11.025811,4.718374,42.456668213000505,26.86381676063805
2.0,8.0,0.2554677044356025,0.1026181317911891,1.4015955416127237,44.77008496921687,40.572524,17.744151,6.586039,16.14209735175589,41.236116348752006
3.0,4.0,0.5625038000432496,0.1214729551263644,2.584847410875348,81.37736816137559,26.639373,76.856739,2.379396,73.18280262164242,35.50904003192677
3.0,5.0,0.4783445111915806,0.1449065019722866,1.5082707096862409,50.18417134998662,40.975803,28.970772,0.359155,49.45969750327343,8.488838828454718
3.0,8.0,0.497734195216562,0.1009426786446852,1.7604694385964128,32.566917867633165,32.531342,0.20081,1.50851,23.145126642028814,22.861138416568675
4.0,5.0,0.7444526414757602,0.0979690290620283,2.128222894198563,50.02679620559503,14.33643,47.885966,2.020241,23.7231044112622,43.99787815327471
4.0,8.0,0.8396901549673178,0.1105526135193031,2.51724649707248,76.98027285807048,5.891969,76.655928,3.887906,50.03767527250682,58.370177741388666
5.0,8.0,0.2118250710345197,0.1062059747175112,1.0581171036027346,30.04176771786557,8.444461,28.769962,1.867665,26.31457086124462,14.372299588113952
1.0,2.0,0.43575692777961106,0.11254696485360682,2.5441821926421353,419.858106235428,251.587137,335.615621,18.625166,59.41711084922528,415.2150521132432
1.0,3.0,0.5509424769516843,0.12787148621777078,2.632419165236384,458.1423857210126,117.99025,442.61135,8.242533,229.54178112623634,396.4051929040284
1.0,4.0,0.34451182894954463,0.1002293741951803,1.6131420807558163,309.08712987641616,98.098789,293.044452,6.035777,276.580038126384,137.8474002702074
1.0,5.0,0.4127583975107357,0.0932847353455486,2.1435372651496767,178.66998155776187,178.081796,14.386773,1.690268,115.74986080978785,136.09583030517092
1.0,7.0,0.4076874576873841,0.20318004624232344,1.9692848819572313,283.1131172535871,227.453655,167.656134,17.58672,279.38481111508594,42.28323259724497
1.0,8.0,0.38370829226771375,0.1064207826430561,4.358470838658169,357.45184590921434,192.030137,301.252356,11.969404,77.23177171114219,348.8033958409057
2.0,3.0,0.5261798848025511,0.06883541238045154,2.8143228877820867,171.475985264224,133.596887,106.99573,10.382633,170.12467098411784,18.809858502108007
2.0,4.0,0.34720609530004715,0.07911796112071441,2.1949502525770637,353.1298817462964,349.685926,42.571169,24.660943,217.1629272771587,277.3676518430358
2.0,5.0,0.23002921150422462,0.09210456021281743,2.1181085596061804,330.1571213854727,73.505341,321.228848,20.315434,175.1669716590132,279.11922180807227
2.0,7.0,0.5742979993379284,0.2762778290917822,3.7999920463541335,508.922164996818,479.040792,167.959486,36.211886,219.96770097296744,457.4982840033814
2.0,8.0,0.22033538959264923,0.10360641609156573,2.6741773402943636,69.08089025382395,59.557,34.363265,6.655762,17.814660861916867,66.41165627233755
3.0,4.0,0.46563438606277296,0.10341649080379511,2.4130653276314673,263.18928523248326,216.089039,149.566898,14.278309,47.03825700014766,258.557792633821
3.0,5.0,0.45367435887096924,0.10233658398476564,2.4605864434520175,432.53432555486813,60.091546,428.224577,9.932801,345.29164193602423,260.3093625988575
3.0,7.0,0.6451652662335092,0.2915151476855158,3.2079807595547862,442.2657714159385,345.443905,274.955216,25.829252,49.84302998884957,438.68842550127334
3.0,8.0,0.42925748875409164,0.06539051477130897,4.207371447467938,159.61879471593934,74.039887,141.358994,3.726872,152.31000941509416,47.60179706312278
4.0,5.0,0.2992534577223774,0.09227930112024296,2.0246524801378305,392.3578736770645,276.180585,278.657679,4.345508,392.32989893617184,1.7515699650364853
4.0,7.0,0.44823876732813794,0.2353858439553278,2.450000000000003,180.5223973166109,129.354866,125.388318,11.550943,2.8047729887019295,180.1306328674524
4.0,8.0,0.2947137160660104,0.08472827078770706,3.7153895458647512,290.8029400347071,290.128926,8.207904,18.005181,199.34826641524182,210.95599557069818
5.0,7.0,0.5569647541863025,0.2597085508438681,2.933961578652292,433.8239230304354,405.535451,153.269361,15.896451,395.1346719248739,178.3790629024159
5.0,8.0,0.28998006872792814,0.0980339622159363,3.546239578270101,287.5291386851933,13.948341,286.865583,13.659673,192.98163252093002,212.70756553573474
7.0,8.0,0.5006448217812693,0.22886422627766478,5.282750314304814,441.2348204179674,419.483792,133.596222,29.556124,202.15303940394375,391.0866284381506
